[[0.53913694 0.46086306]
 [0.83830597 0.16169403]
 [0.88188584 0.11811416]
 [0.8882341  0.1117659 ]
 [0.88915885 0.11084115]
 [0.88929356 0.11070644]
 [0.88931318 0.11068682]
 [0.88931604 0.11068396]
 [0.88931646 0.11068354]
 [0.88931652 0.11068348]
 [0.88931653 0.11068347]
 [0.88931653 0.11068347]
 [0.88931653 0.11068347]
 [0.88931653 0.11068347]
 [0.88931653 0.11068347]
 [0.88931653 0.11068347]
 [0.88931653 0.11068347]
 [0.88931653 0.11068347]
 [0.88931653 0.11068347]
 [0.88931653 0.11068347]]
[[0.54155574 0.45844426]
 [0.46758968 0.53241032]
 [0.46448089 0.53551911]
 [0.87957496 0.12042504]
 [0.92340066 0.07659934]
 [0.92861324 0.07138676]
 [0.92827384 0.07172616]
 [0.92833368 0.07166632]
 [0.92504438 0.07495562]
 [0.92820246 0.07179754]
 [0.92654493 0.07345507]
 [0.92825062 0.07174938]
 [0.92683421 0.07316579]
 [0.92732847 0.07267153]
 [0.92636334 0.07363666]
 [0.92882118 0.07117882]
 [0.9291064  0.0708936 ]
 [0.9253085  0.0746915 ]
 [0.89890214 0.10109786]
 [0.65557724 0.34442276]]
[[0.05570607 0.94429393]
 [0.01641259 0.98358741]
 [0.02254158 0.97745842]
 [0.85543888 0.14456112]
 [0.95030283 0.04969717]
 [0.96219074 0.03780926]
 [0.96214133 0.03785867]
 [0.96222376 0.03777624]
 [0.95757427 0.04242573]
 [0.96202054 0.03797946]
 [0.95974384 0.04025616]
 [0.96211646 0.03788354]
 [0.96014408 0.03985592]
 [0.96081356 0.03918644]
 [0.95948962 0.04051038]
 [0.96298175 0.03701825]
 [0.96365109 0.03634891]
 [0.96004611 0.03995389]
 [0.94130898 0.05869102]
 [0.78504681 0.21495319]]
[[2.41466798e-21 1.00000000e+00]
 [2.16911808e-21 1.00000000e+00]
 [1.54865414e-24 1.00000000e+00]
 [9.66705989e-01 3.32940113e-02]
 [9.97541525e-01 2.45847506e-03]
 [9.97723948e-01 2.27605246e-03]
 [9.98568338e-01 1.43166246e-03]
 [9.98639906e-01 1.36009422e-03]
 [9.96716301e-01 3.28369878e-03]
 [9.98625881e-01 1.37411901e-03]
 [9.97877896e-01 2.12210448e-03]
 [9.98643778e-01 1.35622160e-03]
 [9.98075916e-01 1.92408362e-03]
 [9.98363430e-01 1.63656972e-03]
 [9.97776994e-01 2.22300632e-03]
 [9.98703397e-01 1.29660325e-03]
 [9.98277226e-01 1.72277385e-03]
 [9.98598694e-01 1.40130565e-03]
 [9.98126396e-01 1.87360403e-03]
 [9.85511885e-01 1.44881153e-02]]
[[2.70496815e-68 1.00000000e+00]
 [7.86270040e-50 1.00000000e+00]
 [1.39612522e-57 1.00000000e+00]
 [9.99999995e-01 4.99854267e-09]
 [1.00000000e+00 1.48509401e-11]
 [1.00000000e+00 6.57930785e-13]
 [1.00000000e+00 2.44377026e-11]
 [1.00000000e+00 1.12168715e-11]
 [9.99999998e-01 2.08009194e-09]
 [1.00000000e+00 1.01670336e-11]
 [1.00000000e+00 2.92667358e-10]
 [1.00000000e+00 1.32121494e-11]
 [1.00000000e+00 1.72243671e-10]
 [1.00000000e+00 5.78628355e-11]
 [1.00000000e+00 3.57958231e-10]
 [1.00000000e+00 6.72095676e-12]
 [1.00000000e+00 8.66140083e-13]
 [1.00000000e+00 2.05002962e-11]
 [1.00000000e+00 2.49956671e-11]
 [1.00000000e+00 1.67511683e-11]]
[[1.00778833e-122 1.00000000e+000]
 [2.17367259e-057 1.00000000e+000]
 [9.29879090e-058 1.00000000e+000]
 [1.00000000e+000 1.20151065e-082]
 [1.00000000e+000 1.61159913e-088]
 [1.00000000e+000 8.22962830e-112]
 [1.00000000e+000 2.06260521e-086]
 [1.00000000e+000 8.78045379e-090]
 [1.00000000e+000 4.82582654e-072]
 [1.00000000e+000 3.06271394e-090]
 [1.00000000e+000 1.16017884e-077]
 [1.00000000e+000 4.87626907e-089]
 [1.00000000e+000 2.41621601e-079]
 [1.00000000e+000 4.29399919e-083]
 [1.00000000e+000 4.81576687e-077]
 [1.00000000e+000 2.89738891e-092]
 [1.00000000e+000 2.50516228e-107]
 [1.00000000e+000 3.88359068e-087]
 [1.00000000e+000 2.54842053e-086]
 [1.00000000e+000 1.33570381e-103]]

